
SPY daily price, pe ratio, and journal sentiment
=================================================================
Statistic        N     Mean   St. Dev.   Min     Median    Max   
-----------------------------------------------------------------
price          2,516 3,356.13 1,083.90 1,829.10 3,005.00 6,090.27
open           2,516 3,355.65 1,083.72 1,833.40 3,004.70 6,089.03
high           2,516 3,373.45 1,089.15 1,847.00 3,016.35 6,099.97
low            2,516 3,336.47 1,078.18 1,810.10 2,990.95 6,079.98
change_percent 2,516  0.0005    0.01    -0.12    0.001     0.09  
daily_sent     2,516  -0.002    0.03    -0.11   -0.0004    0.10  
pe_ratio       2,516  24.62     4.06    16.34    23.49    40.84  
-----------------------------------------------------------------
